18 18 1 1
255 170 255 107 129 130 130 130 131 131 130 126 161 161 173 255 123 137 
162 163 135 105 124 129 255 255 174 155 129 123 158 157 255 227 222 130 
255 167 255 106 123 128 136 152 183 255 211 123 255 150 255 155 245 52 
137 168 137 104 255 255 135 255 197 204 255 255 159 151 149 255 55 138 
255 255 139 106 255 119 136 172 187 197 204 217 203 204 255 255 58 255 
100 255 255 102 190 138 255 255 173 180 255 255 255 208 221 213 155 169 
106 170 147 101 255 142 138 255 255 163 186 255 255 213 183 255 157 255 
255 170 255 255 255 195 127 255 78 255 255 255 203 185 164 133 164 167 
255 255 154 255 170 255 123 255 166 185 181 204 255 146 59 161 162 255 
255 255 255 105 175 115 90 255 191 175 195 196 255 125 255 155 157 155 
99 255 165 255 152 103 108 190 195 255 255 204 139 255 156 156 156 196 
79 177 164 119 114 90 186 183 136 171 167 210 255 144 255 153 255 210 
79 177 255 255 111 196 162 255 131 255 159 194 131 135 156 146 200 255 
255 178 255 99 123 160 102 62 255 143 255 162 255 139 255 255 219 212 
255 255 168 86 255 137 95 255 96 141 164 206 177 147 145 146 255 255 
179 255 163 99 75 144 109 255 111 255 255 189 233 255 149 255 255 186 
178 255 169 83 255 124 128 103 134 255 148 178 255 255 143 255 227 102 
255 179 169 58 72 115 86 120 143 144 141 255 209 223 106 255 255 255 
